38732
38519
25824
23267
23180
22402
22199
20453
18934
18557
17950
17624
17602
17357
17152
16921
16761
16449
16346
16133
15687
15686
15420
15367
15084
14696
14541
14289
14260
13812
13414
13382
13374
13074
12992
12451
12393
12358
12129
12023
11893
11840
11744
11722
11699
11677
11667
11507
11500
11414
11410
11372
11349
11323
11290
11287
11263
11245
11177
11155
11132
11094
11027
11004
10878
10819
10799
10663
10523
10454
10448
10361
10276
10263
10262
10153
10139
10075
10071
10013
9943
9898
9795
9794
9763
9722
9693
9689
9620
9619
9579
9570
9519
9511
9488
9472
9467
9450
9379
9368
9300
9285
9244
9165
9147
9063
9042
9038
9002
8997
8979
8978
8918
8881
8876
8796
8793
8791
8786
8709
8679
8629
8619
8579
8563
8503
8487
8361
8263
8201
8191
8188
8176
8078
8073
8055
8039
8027
8027
8020
8006
8002
7999
7876
7867
7864
7806
7763
7762
7750
7742
7739
7736
7727
7463
7449
7445
7442
7441
7432
7420
7402
7350
7297
7254
7242
7230
7183
7175
7162
7157
7128
7119
7114
7092
7081
6973
6957
6840
6818
6748
6673
6671
6671
6646
6628
6600
6582
6577
6575
6537
6486
6480
6463
6451
6443
6441
6420
6395
6340
6307
6307
6277
6252
6230
6216
6191
6154
6150
6150
6139
6103
6099
6092
6090
6073
6068
6063
6042
5998
5995
5956
5946
5943
5940
5928
5924
5910
5900
5857
5734
5731
5710
5703
5698
5691
5673
5672
5663
5607
5579
5562
5539
5520
5516
5515
5514
5514
5511
5476
5462
5447
5437
5370
5366
5331
5320
5318
5312
5246
5189
5170
5155
5140
5136
5128
5103
5102
5091
5080
5067
5066
5061
5060
5025
5001
4985
4984
4967
4963
4940
4929
4927
4924
4894
4892
4888
4876
4871
4853
4850
4837
4806
4797
4790
4784
4781
4765
4732
4729
4723
4713
4710
4705
4702
4701
4699
4695
4684
4682
4679
4671
4670
4658
4655
4652
4652
4649
4635
4599
4566
4566
4539
4531
4529
4518
4515
4513
4509
4501
4494
4493
4479
4475
4431
4422
4382
4364
4341
4340
4329
4324
4281
4272
4259
4255
4248
4227
4223
4214
4203
4155
4155
4155
4144
4142
4135
4122
4121
4117
4113
4100
4091
4084
4073
4048
4043
4038
4027
4023
4017
4011
4010
4001
3994
3980
3980
3964
3963
3962
3936
3936
3926
3921
3917
3914
3911
3909
3896
3894
3884
3881
3874
3872
3850
3848
3848
3831
3827
3822
3821
3821
3820
3820
3812
3811
3793
3780
3777
3772
3770
3754
3754
3753
3740
3740
3733
3723
3706
3702
3700
3696
3685
3684
3682
3671
3655
3654
3654
3654
3649
3640
3633
3630
3623
3608
3591
3591
3584
3570
3565
3563
3558
3553
3552
3547
3541
3541
3538
3521
3516
3507
3496
3488
3482
3474
3460
3456
3454
3449
3449
3445
3445
3431
3423
3420
3419
3417
3404
3404
3402
3398
3397
3389
3387
3385
3380
3377
3377
3373
3372
3370
3368
3367
3363
3351
3345
3343
3342
3334
3332
3319
3318
3307
3304
3301
3295
3292
3284
3283
3277
3270
3267
3264
3262
3260
3245
3239
3228
3224
3219
3216
3215
3213
3211
3201
3198
3192
3192
3181
3181
3176
3175
3173
3172
3171
3170
3166
3165
3155
3150
3149
3131
3131
3129
3127
3125
3114
3114
3113
3110
3097
3090
3090
3082
3077
3073
3069
3067
3055
3048
3044
3043
3032
3022
3021
3020
3016
3014
3011
3011
3010
3009
3007
3005
3002
3002
2984
2983
2982
2978
2975
2973
2972
2971
2969
2967
2964
2964
2958
2955
2946
2933
2931
2922
2920
2919
2915
2912
2904
2896
2894
2887
2874
2864
2859
2857
2855
2854
2851
2845
2843
2837
2822
2815
2812
2811
2807
2807
2806
2798
2788
2786
2785
2772
2772
2770
2758
2755
2739
2728
2725
2721
2709
2705
2703
2694
2691
2691
2690
2685
2678
2676
2671
2671
2665
2664
2660
2657
2657
2656
2655
2653
2642
2637
2628
2628
2626
2618
2613
2612
2609
2597
2593
2590
2584
2584
2583
2581
2580
2575
2574
2569
2561
2558
2555
2542
2542
2533
2530
2521
2517
2508
2505
2504
2497
2494
2490
2489
2485
2482
2473
2472
2469
2466
2465
2461
2454
2454
2453
2447
2445
2441
2439
2438
2437
2433
2430
2422
2420
2417
2413
2410
2407
2402
2393
2385
2381
2380
2380
2379
2379
2376
2364
2357
2352
2351
2351
2350
2348
2346
2346
2343
2341
2341
2334
2332
2322
2311
2308
2306
2302
2301
2300
2298
2295
2294
2291
2290
2289
2289
2288
2284
2281
2279
2275
2273
2272
2268
2265
2264
2259
2252
2246
2243
2243
2242
2231
2227
2225
2223
2220
2217
2215
2208
2203
2201
2197
2196
2191
2189
2186
2185
2180
2180
2180
2180
2176
2173
2171
2157
2156
2155
2148
2143
2133
2132
2132
2126
2125
2123
2122
2122
2121
2121
2120
2115
2114
2107
2107
2106
2105
2104
2101
2099
2098
2097
2095
2088
2078
2074
2068
2067
2067
2056
2053
2052
2050
2045
2043
2039
2036
2031
2029
2028
2021
2018
2014
2004
2004
2002
2002
1997
1994
1989
1977
1975
1972
1971
1969
1969
1967
1962
1962
1961
1959
1957
1957
1955
1953
1950
1950
1943
1938
1936
1933
1933
1931
1928
1925
1922
1914
1914
1905
1895
1889
1888
1885
1883
1882
1879
1877
1877
1876
1874
1874
1873
1871
1870
1867
1865
1863
1863
1854
1854
1848
1842
1838
1837
1836
1835
1834
1833
1829
1828
1827
1826
1823
1822
1816
1816
1815
1815
1814
1814
1814
1814
1813
1813
1812
1800
1799
1798
1797
1797
1791
1788
1788
1787
1786
1786
1786
1785
1785
1785
1782
1781
1779
1778
1777
1777
1774
1768
1766
1765
1764
1762
1760
1755
1749
1748
1744
1740
1740
1740
1734
1733
1732
1729
1721
1717
1716
1715
1715
1715
1710
1710
1707
1705
1701
1700
1697
1695
1691
1690
1688
1686
1684
1680
1678
1678
1677
1677
1676
1671
1666
1662
1655
1647
1647
1641
1639
1639
1635
1634
1631
1628
1625
1623
1619
1608
1604
1603
1601
1597
1594
1593
1592
1589
1588
1585
1584
1583
1580
1577
1571
1566
1563
1559
1555
1555
1554
1553
1548
1548
1547
1545
1541
1539
1537
1535
1532
1530
1529
1528
1527
1525
1524
1523
1517
1517
1517
1516
1516
1512
1511
1505
1505
1505
1502
1501
1499
1498
1495
1495
1490
1486
1485
1485
1483
1482
1480
1478
1476
1475
1475
1474
1473
1473
1472
1471
1471
1464
1462
1460
1459
1459
1457
1454
1453
1453
1452
1451
1450
1450
1449
1449
1448
1448
1446
1446
1445
1444
1442
1441
1440
1440
1437
1437
1436
1435
1430
1430
1429
1429
1429
1425
1424
1422
1422
1422
1417
1415
1415
1414
1411
1409
1409
1408
1404
1401
1401
1401
1398
1397
1395
1393
1391
1389
1387
1385
1384
1383
1382
1380
1378
1374
1373
1371
1371
1370
1366
1363
1362
1357
1354
1354
1353
1351
1349
1344
1342
1342
1339
1338
1338
1337
1329
1329
1328
1328
1327
1325
1325
1323
1323
1323
1321
1311
1309
1306
1304
1303
1303
1301
1300
1298
1298
1297
1297
1296
1296
1296
1295
1295
1293
1292
1291
1290
1290
1285
1285
1283
1283
1280
1279
1278
1271
1270
1269
1265
1262
1259
1259
1259
1256
1255
1254
1252
1251
1250
1250
1249
1249
1248
1248
1245
1244
1241
1238
1238
1236
1236
1234
1232
1232
1231
1230
1230
1229
1227
1226
1226
1226
1225
1225
1224
1222
1221
1220
1218
1218
1217
1217
1216
1215
1213
1212
1211
1210
1210
1210
1210
1208
1207
1207
1206
1203
1203
1203
1202
1202
1201
1198
1197
1195
1194
1192
1190
1187
1186
1186
1182
1182
1180
1179
1178
1178
1178
1175
1173
1170
1170
1168
1165
1163
1162
1162
1160
1159
1154
1153
1153
1152
1152
1149
1149
1148
1147
1146
1146
1146
1145
1144
1143
1143
1142
1142
1141
1140
1140
1139
1138
1136
1135
1135
1134
1134
1134
1133
1132
1131
1131
1130
1128
1128
1127
1127
1126
1126
1124
1121
1120
1119
1117
1116
1115
1114
1113
1111
1110
1109
1109
1108
1103
1103
1101
1100
1095
1094
1093
1092
1091
1090
1090
1088
1088
1087
1087
1086
1085
1083
1082
1082
1081
1080
1078
1077
1077
1076
1076
1076
1075
1074
1072
1071
1071
1068
1067
1062
1060
1059
1053
1052
1052
1050
1049
1049
1049
1046
1045
1045
1045
1044
1044
1041
1036
1033
1033
1031
1028
1028
1027
1025
1022
1021
1020
1019
1018
1017
1017
1016
1014
1014
1013
1011
1011
1010
1010
1009
1005
1005
1004
1003
1003
1000
1000
1000
998
998
996
996
993
991
990
990
989
989
988
984
984
981
981
980
979
979
978
978
978
977
975
975
974
974
973
973
972
971
969
969
968
967
967
966
965
964
964
961
961
959
957
956
954
953
952
950
948
948
948
946
945
944
943
943
942
942
941
941
938
938
937
935
934
934
934
930
930
930
929
929
929
929
928
926
925
925
924
924
923
923
923
922
921
920
919
918
918
915
915
915
914
913
912
911
910
910
909
908
906
905
904
904
903
902
901
901
901
899
899
898
897
897
896
895
894
894
893
893
892
892
892
892
890
889
889
887
886
882
880
879
878
878
877
877
876
874
874
873
872
872
871
871
868
866
865
864
863
862
861
860
859
859
857
857
856
854
852
852
851
851
850
850
850
849
849
848
847
847
845
844
844
843
842
841
841
840
840
840
839
839
837
835
835
834
833
833
831
831
830
830
830
827
827
826
826
825
825
825
823
823
821
821
820
819
813
813
812
812
812
810
807
807
806
805
805
802
802
800
799
799
798
793
792
792
792
792
790
789
788
788
788
787
787
786
785
784
784
784
782
781
781
781
779
779
776
776
775
773
772
772
772
771
768
766
766
764
763
763
762
760
759
759
757
757
757
756
755
755
754
754
753
753
751
751
749
749
749
746
746
745
745
744
744
741
741
741
738
735
735
734
732
732
731
731
730
727
727
727
727
726
726
726
726
726
725
725
725
723
722
722
721
721
720
719
719
719
719
717
717
716
715
714
714
713
712
712
712
710
710
709
708
708
708
707
707
706
705
705
705
704
703
701
701
701
700
700
700
700
699
699
697
696
693
692
691
689
688
687
686
686
686
685
685
685
683
683
682
682
681
681
680
679
679
678
678
677
675
675
674
674
673
673
673
672
672
672
672
671
671
669
669
668
667
667
667
664
664
663
662
662
661
660
660
659
658
658
656
656
655
654
654
654
653
653
652
651
651
651
650
650
647
647
645
644
643
642
641
641
640
639
639
639
638
638
638
638
637
636
636
636
634
633
632
632
632
631
630
629
628
628
628
626
625
625
624
623
623
622
622
622
621
621
621
620
618
618
616
614
614
614
613
613
612
611
611
611
611
610
609
608
607
607
607
607
606
606
606
604
604
604
603
603
603
603
603
602
602
601
600
600
600
599
599
599
598
598
597
597
596
595
595
595
595
595
593
592
591
591
590
589
589
588
588
587
587
586
586
585
585
585
584
584
584
584
583
582
581
580
580
580
578
578
577
577
576
576
576
575
575
574
574
574
574
574
573
572
572
572
572
571
570
570
569
569
569
569
568
567
567
566
565
565
564
564
564
563
562
561
561
560
560
559
559
558
558
557
557
557
555
552
552
551
551
549
549
549
549
548
547
547
547
546
546
545
545
544
544
544
544
543
542
542
540
538
538
538
537
537
537
536
536
535
533
532
532
532
531
530
529
529
528
528
528
527
526
523
522
521
520
519
519
519
519
519
519
519
518
518
518
517
515
515
515
515
513
513
513
512
512
512
512
512
511
511
510
510
510
509
508
508
507
506
506
506
506
505
505
504
503
502
501
500
499
499
499
499
498
498
498
497
497
496
496
496
495
495
495
494
492
492
492
492
491
491
490
490
490
489
489
489
488
487
487
485
484
484
484
483
483
483
482
482
481
480
480
480
479
479
478
478
478
478
476
476
476
475
474
473
473
473
473
473
470
470
470
469
469
468
468
467
467
467
467
466
466
466
466
466
464
464
464
463
463
463
463
463
463
463
463
462
462
462
462
462
460
460
459
459
458
458
457
456
456
455
454
454
453
453
453
452
452
452
452
452
451
450
450
449
449
449
448
447
447
447
446
446
446
445
445
444
444
444
444
444
443
442
442
441
441
441
441
440
440
439
439
439
437
437
437
437
437
437
435
435
435
435
435
434
434
434
434
433
432
432
431
429
428
426
425
424
423
423
423
422
420
420
419
419
418
418
418
418
417
417
416
415
415
415
415
415
414
414
414
414
413
413
413
413
413
411
409
409
408
408
408
407
406
406
406
406
405
405
405
404
404
404
404
404
403
403
403
401
400
399
399
399
398
398
398
398
397
396
396
395
395
395
395
394
394
393
393
393
392
392
391
390
390
389
389
389
389
389
389
389
389
388
387
387
386
386
386
386
385
385
384
384
384
383
383
383
383
381
381
380
380
380
380
380
379
379
379
378
378
377
377
377
377
377
376
376
375
375
375
375
375
373
372
372
372
371
371
371
371
371
370
370
370
370
369
369
368
367
366
366
365
365
365
364
364
364
363
363
363
363
362
362
362
362
362
361
361
360
360
360
359
358
358
358
358
358
357
357
356
356
355
355
355
355
354
354
354
353
352
352
352
351
350
350
349
349
349
347
347
346
346
346
345
345
345
345
345
345
344
343
343
342
341
341
341
340
340
340
340
340
339
339
339
338
338
338
337
337
336
336
336
336
336
335
335
335
335
334
333
333
333
333
333
332
332
332
332
332
332
332
331
331
331
331
331
331
330
330
330
330
329
329
329
329
329
328
328
328
327
326
326
326
325
325
325
324
324
324
324
324
323
323
323
322
322
322
321
321
320
320
320
319
319
319
318
318
318
318
317
316
315
314
314
314
313
313
313
312
312
312
311
311
311
310
310
309
307
307
307
307
307
306
306
306
306
305
305
304
304
303
303
303
302
302
301
301
301
301
301
300
300
300
299
299
299
298
298
297
296
296
296
296
296
296
295
294
294
294
294
294
293
293
293
292
292
292
292
291
291
291
290
289
289
288
288
288
288
287
287
287
287
287
287
286
286
286
286
286
285
285
285
285
285
285
284
284
284
283
283
283
283
283
281
281
280
279
279
279
279
279
278
278
277
277
277
277
277
277
276
276
276
276
276
275
275
275
274
274
273
273
272
272
272
272
272
272
271
270
270
270
269
269
269
268
268
268
268
268
268
268
267
267
266
265
265
265
265
265
265
264
264
263
263
262
261
261
261
261
260
260
260
260
260
260
260
260
260
259
259
259
259
259
259
258
258
258
258
258
257
257
257
257
257
256
256
256
256
255
255
255
254
254
254
254
254
253
252
252
252
251
250
250
250
250
250
250
248
248
248
248
248
248
247
247
247
247
246
246
246
246
245
245
245
245
245
244
244
244
244
243
243
243
243
243
242
242
242
241
241
241
241
241
241
241
241
240
240
240
240
239
239
239
239
239
238
238
238
238
238
238
237
236
236
236
235
235
235
235
235
235
234
234
234
234
233
233
232
232
232
232
232
232
232
232
231
231
231
231
231
231
231
230
230
230
230
229
229
228
228
227
227
227
227
227
226
226
226
226
225
225
225
225
225
224
224
224
224
224
223
223
222
222
222
222
221
221
221
221
221
220
220
220
220
220
219
219
219
219
219
218
218
218
218
218
218
217
216
216
216
216
216
216
215
215
215
215
214
214
213
213
213
213
212
212
212
212
211
211
211
211
210
210
210
209
209
209
209
208
208
208
208
208
208
208
207
207
207
207
207
206
206
205
204
204
204
204
204
203
203
203
203
203
202
202
202
201
201
201
201
201
200
200
200
200
199
199
199
199
199
199
198
198
198
198
198
198
198
198
197
197
197
197
197
197
197
196
196
196
195
195
195
195
195
195
194
194
194
194
194
194
193
193
193
193
193
192
192
191
190
190
190
190
190
190
190
189
189
188
188
188
188
188
188
187
187
187
187
186
186
186
186
186
186
185
185
185
185
185
185
184
184
184
183
183
182
182
182
182
181
181
181
181
181
180
180
180
179
179
179
178
178
178
177
177
177
176
176
176
176
176
175
175
175
175
175
175
174
174
174
174
174
173
173
173
173
173
173
172
172
171
171
171
170
170
170
170
170
170
170
169
169
168
167
167
167
167
167
167
167
167
167
166
166
166
166
166
166
165
165
165
165
164
164
164
164
164
163
163
163
162
162
162
162
162
162
161
161
161
161
161
161
161
160
160
160
160
160
160
159
159
159
159
159
159
159
158
158
158
157
156
156
156
156
156
156
156
156
155
155
155
154
154
154
153
153
153
153
153
153
153
153
152
152
152
152
152
152
151
151
151
151
151
151
151
151
150
150
150
150
150
150
150
150
150
149
149
148
148
148
148
148
148
147
147
147
147
147
147
146
146
146
146
146
145
145
145
145
145
145
145
145
145
145
145
145
144
144
144
144
144
144
144
144
144
144
144
143
143
143
143
143
143
142
142
141
141
141
141
141
141
140
140
140
140
139
139
139
139
139
139
138
138
138
138
138
138
137
137
137
137
137
137
137
137
137
137
136
136
135
135
135
135
135
134
134
134
134
134
133
133
133
133
133
133
133
132
132
132
132
132
132
132
131
131
131
131
131
131
131
131
130
130
130
130
130
130
130
130
130
130
130
129
129
129
129
128
128
128
128
128
128
128
128
127
127
127
127
127
126
126
126
126
126
126
126
126
126
125
125
125
125
125
124
124
124
124
124
124
124
123
123
123
123
123
123
122
122
122
122
121
121
121
121
120
120
120
120
119
119
119
119
119
119
119
119
119
119
119
118
118
118
118
118
118
117
117
117
116
116
116
116
116
116
115
115
115
115
115
114
114
114
114
114
114
114
114
114
113
113
113
113
113
113
112
112
112
112
112
112
112
112
112
112
111
111
111
111
111
111
111
110
110
110
110
110
110
110
110
109
109
109
109
109
109
109
108
108
108
108
108
108
108
108
108
108
107
107
107
107
107
107
106
106
106
106
106
106
106
106
106
106
106
106
105
105
105
105
105
104
104
104
104
104
104
104
104
104
104
104
103
103
103
103
103
103
102
102
102
102
102
102
101
101
101
101
101
100
100
100
100
100
100
100
100
100
100
100
99
99
99
99
99
99
99
99
99
98
98
98
98
98
98
98
98
98
97
97
97
97
97
97
96
96
96
96
96
95
95
95
95
95
95
95
95
95
94
94
94
94
94
94
94
94
93
93
93
93
93
93
93
92
92
92
92
92
92
92
92
92
92
92
92
91
91
91
91
91
91
91
91
90
90
90
90
90
90
90
90
89
89
89
89
89
89
89
89
89
89
89
89
89
89
89
88
88
88
88
88
88
88
88
88
88
87
87
87
86
86
86
86
86
86
86
85
85
85
85
85
85
84
84
84
84
84
84
84
84
84
84
84
84
83
83
83
83
83
83
83
83
82
82
82
82
82
82
82
82
82
81
81
81
81
81
81
81
81
81
81
80
80
80
80
80
80
80
79
79
79
79
79
79
79
79
79
79
78
78
78
78
78
78
78
78
77
77
77
77
77
77
76
76
76
76
76
76
76
76
76
76
76
76
76
76
75
75
75
75
75
75
75
74
74
74
74
74
74
74
73
73
73
73
73
73
73
73
73
73
73
73
73
73
73
73
73
72
72
72
72
72
72
72
72
72
71
71
71
71
71
71
71
71
71
71
70
70
70
70
70
70
70
70
70
70
69
69
69
69
69
68
68
68
68
68
68
68
68
68
68
68
68
67
67
67
67
67
67
67
67
67
67
67
67
67
67
67
67
67
66
66
66
66
66
66
66
66
66
66
66
65
65
65
65
65
65
65
65
65
65
65
65
65
65
64
64
64
64
64
64
64
64
64
64
64
64
64
63
63
63
63
63
63
63
63
62
62
62
62
62
61
61
61
61
61
61
61
61
61
61
61
60
60
60
60
60
60
60
60
60
60
59
59
59
59
59
59
59
58
58
58
58
58
58
58
58
58
58
58
58
58
58
57
57
57
57
57
57
57
57
57
57
57
57
57
57
57
57
57
57
56
56
56
56
56
56
56
56
56
56
56
56
56
56
55
55
55
55
55
55
55
55
55
55
55
55
55
55
54
54
54
54
54
54
54
54
54
53
53
53
53
53
53
53
53
53
53
53
53
52
52
52
52
52
52
52
52
52
52
51
51
51
51
51
51
51
51
51
51
50
50
50
50
50
50
50
50
50
50
50
50
50
49
49
49
49
49
49
49
48
48
48
48
48
48
48
48
48
48
48
48
48
48
48
48
48
48
47
47
47
47
47
47
47
47
47
47
46
46
46
46
46
46
46
46
46
46
46
45
45
45
45
45
45
45
45
45
45
45
44
44
44
44
44
44
44
44
44
44
44
44
44
44
44
44
44
44
44
44
44
44
43
43
43
43
43
43
43
43
43
43
43
42
42
42
42
42
42
42
42
42
42
42
42
42
42
42
42
42
41
41
41
41
41
41
41
41
41
41
41
41
41
41
40
40
40
40
40
40
40
40
40
40
40
39
39
39
39
39
39
39
39
39
39
39
39
39
39
39
38
38
38
38
38
38
38
38
38
38
38
37
37
37
37
37
37
37
37
37
37
37
37
37
37
37
36
36
36
36
36
36
36
36
36
36
36
36
36
36
36
36
36
35
35
35
35
35
35
35
35
35
35
35
35
35
35
35
35
35
35
35
35
35
35
34
34
34
34
34
34
34
34
34
34
34
34
34
34
34
34
34
34
34
33
33
33
33
33
33
33
33
33
33
33
33
33
33
33
33
33
33
32
32
32
32
32
32
32
32
32
32
32
31
31
31
31
31
31
31
31
31
31
31
31
31
31
31
31
31
31
31
31
31
30
30
30
30
30
30
30
30
30
30
30
30
30
30
30
30
30
30
29
29
29
29
29
29
29
29
29
29
29
29
29
29
29
29
29
28
28
28
28
28
28
28
28
28
28
28
28
28
28
28
28
28
28
28
27
27
27
27
27
27
27
27
27
27
27
27
27
27
27
27
27
27
27
27
27
27
27
27
27
26
26
26
26
26
26
26
26
26
26
26
26
26
26
26
26
26
26
25
25
25
25
25
25
25
25
25
25
25
25
25
25
25
25
25
24
24
24
24
24
24
24
24
24
24
24
24
24
24
24
24
24
23
23
23
23
23
23
23
23
23
23
23
23
23
23
23
23
23
22
22
22
22
22
22
22
22
22
22
22
22
22
22
22
21
21
21
21
21
21
21
21
21
21
21
21
21
21
21
21
21
21
21
21
21
21
21
21
21
21
20
20
20
20
20
20
20
20
20
20
20
20
20
20
20
20
20
20
20
20
20
20
20
19
19
19
19
19
19
19
19
19
19
19
19
19
19
19
19
19
19
19
19
19
19
19
19
19
19
18
18
18
18
18
18
18
18
18
18
18
18
18
18
18
18
18
18
18
18
18
18
18
18
18
18
18
18
18
18
17
17
17
17
17
17
17
17
17
17
17
17
17
17
17
17
17
17
17
17
17
17
17
17
17
17
17
17
17
17
17
16
16
16
16
16
16
16
16
16
16
16
16
16
16
16
16
16
16
16
16
16
16
16
16
16
16
16
16
16
16
16
16
16
16
15
15
15
15
15
15
15
15
15
15
15
15
15
15
15
15
15
15
15
15
15
15
15
15
15
15
15
15
15
15
15
15
15
15
15
15
15
14
14
14
14
14
14
14
14
14
14
14
14
14
14
14
14
14
14
14
14
14
14
14
14
14
14
14
14
14
14
14
14
13
13
13
13
13
13
13
13
13
13
13
13
13
13
13
13
13
13
13
13
13
13
13
13
13
13
13
13
13
13
13
13
12
12
12
12
12
12
12
12
12
12
12
12
12
12
12
12
12
12
12
12
12
12
12
12
12
12
12
12
11
11
11
11
11
11
11
11
11
11
11
11
11
11
11
11
11
11
11
11
11
11
11
11
11
11
11
11
11
11
11
11
11
11
11
11
11
11
11
10
10
10
10
10
10
10
10
10
10
10
10
10
10
10
10
10
10
10
10
10
10
10
10
10
10
10
10
10
10
10
10
10
10
10
10
10
10
10
10
10
10
10
10
9
9
9
9
9
9
9
9
9
9
9
9
9
9
9
9
9
9
9
9
9
9
9
9
9
9
9
9
9
9
9
9
9
9
9
9
9
9
9
9
9
9
9
9
9
9
9
9
9
9
9
8
8
8
8
8
8
8
8
8
8
8
8
8
8
8
8
8
8
8
8
8
8
8
8
8
8
8
8
8
8
8
8
8
8
8
8
8
8
8
8
8
8
8
8
8
8
8
8
7
7
7
7
7
7
7
7
7
7
7
7
7
7
7
7
7
7
7
7
7
7
7
7
7
7
7
7
7
7
7
7
7
7
7
7
7
7
7
7
7
7
7
7
7
7
7
7
7
7
7
7
7
7
7
7
6
6
6
6
6
6
6
6
6
6
6
6
6
6
6
6
6
6
6
6
6
6
6
6
6
6
6
6
6
6
6
6
6
6
6
6
6
6
6
6
6
6
6
6
6
6
6
6
6
6
6
6
6
6
6
6
6
6
6
6
6
6
6
5
5
5
5
5
5
5
5
5
5
5
5
5
5
5
5
5
5
5
5
5
5
5
5
5
5
5
5
5
5
5
5
5
5
5
5
5
5
5
5
5
5
5
5
5
5
5
5
5
5
5
5
5
5
5
5
5
5
5
5
5
5
5
5
5
5
5
5
5
5
5
4
4
4
4
4
4
4
4
4
4
4
4
4
4
4
4
4
4
4
4
4
4
4
4
4
4
4
4
4
4
4
4
4
4
4
4
4
4
4
4
4
4
4
4
4
4
4
4
4
4
4
4
4
4
4
4
4
4
4
4
4
4
4
4
4
4
4
4
4
4
4
4
4
4
4
4
4
4
4
4
4
4
4
3
3
3
3
3
3
3
3
3
3
3
3
3
3
3
3
3
3
3
3
3
3
3
3
3
3
3
3
3
3
3
3
3
3
3
3
3
3
3
3
3
3
3
3
3
3
3
3
3
3
3
3
3
3
3
3
3
3
3
3
3
3
3
3
3
3
3
3
3
3
3
3
3
3
3
3
3
3
3
3
3
3
3
3
3
3
3
3
3
3
3
3
3
3
3
3
3
3
3
3
3
3
3
3
3
3
3
3
3
3
3
3
3
3
3
3
3
3
3
3
3
3
3
3
3
3
2
2
2
2
2
2
2
2
2
2
2
2
2
2
2
2
2
2
2
2
2
2
2
2
2
2
2
2
2
2
2
2
2
2
2
2
2
2
2
2
2
2
2
2
2
2
2
2
2
2
2
2
2
2
2
2
2
2
2
2
2
2
2
2
2
2
2
2
2
2
2
2
2
2
2
2
2
2
2
2
2
2
2
2
2
2
2
2
2
2
2
2
2
2
2
2
2
2
2
2
2
2
2
2
2
2
2
2
2
2
2
2
2
2
2
2
2
2
2
2
2
2
2
2
2
2
2
2
2
2
2
2
2
2
2
2
2
2
2
2
2
2
2
2
2
2
2
2
2
2
2
2
2
2
2
2
2
2
2
2
2
2
2
2
2
2
2
2
2
2
2
2
2
2
2
2
2
2
2
2
2
2
2
2
2
2
2
2
2
2
2
2
2
2
2
1
1
1
1
1
1
1
1
1
1
1
1
1
1
1
1
1
1
1
1
1
1
1
1
1
1
1
1
1
1
1
1
1
1
1
1
1
1
1
1
1
1
1
1
1
1
1
1
1
1
1
1
1
1
1
1
1
1
1
1
1
1
1
1
1
1
1
1
1
1
1
1
1
1
1
1
1
1
1
1
1
1
1
1
1
1
1
1
1
1
1
1
1
1
1
1
1
1
1
1
1
1
1
1
1
1
1
1
1
1
1
1
1
1
1
1
1
1
1
1
1
1
1
1
1
1
1
1
1
1
1
1
1
1
1
1
1
1
1
1
1
1
1
1
1
1
1
1
1
1
1
1
1
1
1
1
1
1
1
1
1
1
1
1
1
1
1
1
1
1
1
1
1
1
1
1
1
1
1
1
1
1
1
1
1
1
1
1
1
1
1
1
1
1
1
1
1
1
1
1
1
1
1
1
1
1
1
1
1
1
1
1
1
1
1
1
1
1
1
1
1
1
1
1
1
1
1
1
1
1
1
1
1
1
1
1
1
1
1
1
1
1
1
1
1
1
1
1
1
1
1
1
1
1
1
1
1
1
1
1
1
1
1
1
1
1
1
1
1
1
1
1
1
1
1
1
1
1
1
1
1
1
1
1
1
1
1
1
1
1
1
1
1
1
1
1
